,essay_id,pred_score,score
0,1,9.0,8
1,2,9.0,9
2,3,8.0,7
3,4,10.0,10
4,5,10.0,8
5,6,7.0,8
6,7,11.0,10
7,8,10.0,10
8,9,10.0,9
9,10,10.0,9
10,11,9.0,8
11,12,9.0,8
12,13,7.0,7
13,14,8.0,6
14,15,7.0,6
15,16,10.0,12
16,17,9.0,8
17,18,9.0,8
18,19,5.0,4
19,20,6.0,6
20,21,9.0,8
21,22,5.0,3
22,23,10.0,10
23,24,11.0,11
24,25,8.0,8
25,26,9.0,9
26,27,6.0,4
27,28,9.0,9
28,29,9.0,9
29,30,8.0,8
30,31,10.0,10
31,32,10.0,10
32,33,7.0,6
33,34,9.0,8
34,35,10.0,9
35,36,11.0,10
36,37,10.0,12
37,38,9.0,8
38,39,9.0,10
39,40,7.0,7
40,41,5.0,2
41,42,8.0,8
42,43,6.0,6
43,44,8.0,8
44,45,8.0,8
45,46,8.0,8
46,47,8.0,8
47,48,11.0,11
48,49,8.0,6
49,50,5.0,5
50,51,10.0,9
51,52,7.0,7
52,53,10.0,8
53,54,10.0,10
54,55,7.0,8
55,56,10.0,10
56,57,8.0,9
57,58,7.0,7
58,59,10.0,8
59,60,5.0,4
60,61,8.0,8
61,62,8.0,8
62,63,8.0,8
63,64,7.0,7
64,65,9.0,9
65,66,9.0,9
66,67,8.0,8
67,68,9.0,9
68,69,8.0,7
69,70,10.0,12
70,71,9.0,10
71,72,11.0,10
72,73,9.0,8
73,74,9.0,7
74,75,9.0,8
75,76,8.0,8
76,77,10.0,10
77,78,9.0,10
78,79,9.0,10
79,80,9.0,8
80,81,9.0,8
81,82,8.0,8
82,83,7.0,7
83,84,7.0,6
84,85,10.0,10
85,86,10.0,8
86,87,10.0,10
87,88,10.0,9
88,89,7.0,6
89,90,8.0,7
90,91,7.0,8
91,92,11.0,11
92,93,11.0,11
93,94,8.0,8
94,95,10.0,10
95,96,7.0,7
96,97,8.0,8
97,98,10.0,11
98,99,8.0,8
99,100,7.0,7
100,101,10.0,10
101,102,9.0,8
102,103,9.0,9
103,104,9.0,10
104,105,10.0,9
105,106,9.0,11
106,107,11.0,10
107,108,9.0,8
108,109,9.0,8
109,110,8.0,6
110,111,11.0,11
111,112,9.0,9
112,113,8.0,8
113,114,10.0,8
114,115,10.0,9
115,116,5.0,4
116,117,9.0,8
117,118,10.0,12
118,119,10.0,10
119,120,9.0,8
120,121,8.0,8
121,122,11.0,9
122,123,10.0,10
123,124,8.0,7
124,125,6.0,5
125,126,8.0,8
126,127,9.0,9
127,128,9.0,9
128,129,9.0,10
129,130,11.0,10
130,131,10.0,10
131,132,10.0,11
132,133,10.0,10
133,134,9.0,10
134,135,7.0,7
135,136,10.0,9
136,137,8.0,7
137,138,9.0,10
138,139,7.0,7
139,140,9.0,9
140,141,11.0,10
141,142,10.0,10
142,143,8.0,7
143,144,10.0,9
144,145,9.0,10
145,146,6.0,6
146,147,11.0,12
147,148,8.0,9
148,149,9.0,8
149,150,8.0,8
150,151,7.0,8
151,152,7.0,6
152,153,10.0,9
153,154,10.0,12
154,155,10.0,10
155,156,9.0,8
156,157,9.0,9
157,158,9.0,9
158,159,10.0,10
159,160,8.0,8
160,161,9.0,10
161,162,11.0,12
162,163,7.0,8
163,164,8.0,8
164,165,9.0,9
165,166,10.0,10
166,167,9.0,8
167,168,10.0,9
168,169,7.0,6
169,170,9.0,8
170,171,8.0,8
171,172,8.0,8
172,173,8.0,8
173,174,8.0,8
174,175,9.0,8
175,176,9.0,10
176,177,9.0,8
177,178,7.0,8
178,179,8.0,8
179,180,9.0,10
180,181,10.0,10
181,182,8.0,8
182,183,10.0,8
183,184,9.0,8
184,185,10.0,8
185,186,9.0,8
186,187,6.0,5
187,188,9.0,9
188,189,6.0,6
189,190,9.0,10
190,191,7.0,8
191,192,10.0,11
192,193,9.0,8
193,194,11.0,10
194,195,6.0,5
195,196,9.0,8
196,197,10.0,10
197,198,10.0,10
198,199,12.0,11
199,200,9.0,8
200,201,9.0,9
201,202,9.0,8
202,203,10.0,10
203,204,9.0,10
204,205,11.0,10
205,206,9.0,10
206,207,8.0,8
207,208,7.0,6
208,209,6.0,6
209,210,9.0,9
210,211,7.0,6
211,212,8.0,7
212,213,8.0,8
213,214,8.0,8
214,215,10.0,10
215,216,9.0,8
216,217,11.0,10
217,218,8.0,8
218,219,9.0,9
219,220,9.0,10
220,221,7.0,6
221,222,10.0,9
222,223,10.0,8
223,224,8.0,8
224,225,10.0,12
225,226,7.0,8
226,227,9.0,9
227,228,8.0,8
228,229,8.0,8
229,230,10.0,9
230,231,8.0,8
231,232,11.0,12
232,233,6.0,7
233,234,9.0,8
234,235,8.0,7
235,236,7.0,6
236,237,8.0,8
237,238,8.0,9
238,239,10.0,9
239,240,8.0,8
240,241,7.0,9
241,242,10.0,9
242,243,11.0,11
243,244,8.0,7
244,245,6.0,7
245,246,12.0,11
246,247,10.0,8
247,248,10.0,9
248,249,9.0,9
249,250,9.0,10
250,251,11.0,9
251,252,9.0,9
252,253,7.0,6
253,254,10.0,10
254,255,8.0,8
255,256,8.0,8
256,257,9.0,8
257,258,11.0,11
258,259,10.0,9
259,260,8.0,7
260,261,10.0,9
261,262,8.0,8
262,263,11.0,10
263,264,9.0,8
264,265,9.0,11
265,266,10.0,11
266,267,10.0,10
267,268,8.0,8
268,269,9.0,9
269,270,9.0,8
270,271,8.0,8
271,272,10.0,10
272,273,8.0,8
273,274,9.0,9
274,275,10.0,11
275,276,8.0,8
276,277,10.0,9
277,278,8.0,8
278,279,10.0,10
279,280,9.0,10
280,281,7.0,7
281,282,8.0,8
282,283,7.0,6
283,284,8.0,8
284,285,10.0,11
285,286,5.0,4
286,287,10.0,12
287,288,9.0,8
288,289,10.0,10
289,290,11.0,11
290,291,10.0,11
291,292,11.0,11
292,293,8.0,8
293,294,9.0,10
294,295,9.0,10
295,296,10.0,10
296,297,10.0,9
297,298,9.0,8
298,299,9.0,8
299,300,10.0,8
300,301,9.0,9
301,302,11.0,10
302,303,10.0,10
303,304,9.0,9
304,305,10.0,10
305,306,10.0,8
306,307,9.0,9
307,308,6.0,6
308,309,9.0,9
309,310,9.0,10
310,311,9.0,9
311,312,7.0,7
312,314,9.0,9
313,315,10.0,10
314,316,11.0,9
315,317,10.0,10
316,318,9.0,8
317,319,9.0,9
318,320,8.0,8
319,321,10.0,12
320,322,8.0,8
321,323,9.0,10
322,324,9.0,8
323,325,10.0,9
324,326,12.0,10
325,327,9.0,6
326,328,8.0,8
327,329,8.0,8
328,330,11.0,11
329,331,10.0,10
330,332,8.0,8
331,333,9.0,9
332,334,11.0,10
333,335,8.0,9
334,336,11.0,11
335,337,8.0,10
336,338,7.0,8
337,339,10.0,11
338,340,9.0,9
339,341,8.0,8
340,342,10.0,9
341,343,9.0,9
342,345,9.0,10
343,346,12.0,12
344,347,7.0,7
345,348,8.0,8
346,349,7.0,8
347,350,9.0,8
348,351,9.0,9
349,352,7.0,7
350,353,6.0,5
351,354,8.0,8
352,355,7.0,6
353,356,8.0,8
354,357,8.0,8
355,358,7.0,7
356,359,5.0,2
